surface=0
x=0.000000
y=0.000000
z=0.000000
map_x=0
map_y=0
side=0
u=0.000000
v=0.000000
width=1.000000
height=1.000000
glyph_step_u=0.062500
glyph_step_v=0.062500
depth=0.001000
rotation=0.000000
pattern_cols=20
pattern_rows=12
default_material=1
pattern_0=                    
pattern_1= #####              
pattern_2=  #####             
pattern_3=   #                
pattern_4=    #               
pattern_5=     ######         
pattern_6=                    
pattern_7=                    
pattern_8=                    
pattern_9=                    
pattern_10=                    
pattern_11=                    
material_0=1,1,1,1,1,1,1,1,1,1,1,1,1,1,1,1,1,1,1,1
material_1=1,1,1,1,1,1,1,1,1,1,1,1,1,1,1,1,1,1,1,1
material_2=1,1,1,1,1,1,1,1,1,1,1,1,1,1,1,1,1,1,1,1
material_3=1,1,1,1,1,1,1,1,1,1,1,1,1,1,1,1,1,1,1,1
material_4=1,1,1,1,1,1,1,1,1,1,1,1,1,1,1,1,1,1,1,1
material_5=1,1,1,1,1,1,1,1,1,1,1,1,1,1,1,1,1,1,1,1
material_6=1,1,1,1,1,1,1,1,1,1,1,1,1,1,1,1,1,1,1,1
material_7=1,1,1,1,1,1,1,1,1,1,1,1,1,1,1,1,1,1,1,1
material_8=1,1,1,1,1,1,1,1,1,1,1,1,1,1,1,1,1,1,1,1
material_9=1,1,1,1,1,1,1,1,1,1,1,1,1,1,1,1,1,1,1,1
material_10=1,1,1,1,1,1,1,1,1,1,1,1,1,1,1,1,1,1,1,1
material_11=1,1,1,1,1,1,1,1,1,1,1,1,1,1,1,1,1,1,1,1
